#GM 1 155 0 0 0 1 100 100
#GM 1 156 0 0 0 1 100 100
#GM 1 157 0 0 0 1 100 100
#GM 1 158 0 0 0 1 100 100
#GM 1 159 0 0 0 1 100 100
#GM 1 160 0 0 0 1 100 100
#GM 1 161 0 0 0 1 100 100
#GM 1 162 0 0 0 1 100 100
#GM 1 163 0 0 0 1 100 100
#GM 2 155 0 0 0 1 0 100
#GM 2 156 0 0 0 1 0 100
#GM 2 157 0 0 0 1 0 100
#GM 2 158 0 0 0 1 0 100
#GM 2 159 0 0 0 1 0 100
#GM 2 160 0 0 0 1 0 100
#GM 3 155 0 0 0 1 0 100
#GM 3 156 0 0 0 1 0 100
#GM 3 157 0 0 0 1 0 100
#GM 3 158 0 0 0 1 0 100
#GM 3 159 0 0 0 1 0 100
#GM 3 160 0 0 0 1 0 100
#GM 3 161 0 0 0 1 0 100
#GM 3 162 0 0 0 1 0 100
#GM 3 163 0 0 0 1 0 100
#END

#GM 1 155 615 16 149 1 100 100
#GM 1 156 200 53 116 1 100 100
#GM 1 157 280 42 1224 1 100 100
#GM 1 158 375 195 1600 1 100 100
#GM 1 159 356 205 157 1 100 100
#GM 1 160 351 208 156 1 100 100
#GM 1 161 322 1132 1772 1 100 100
#GM 1 162 310 1168 174 1 100 100
#GM 1 163 379 967 191 1 100 100
#GM 2 155 687 3 229 1 250 100
#GM 2 156 252 11 172 1 250 100
#GM 2 157 687 3 2293 1 250 100
#GM 2 158 260 66 2476 1 1000 100
#GM 2 159 520 32 315 1 1000 100
#GM 2 160 469 37 302 1 1000 100
#GM 3 155 472 3 193 1 125 100
#GM 3 156 472 3 193 1 125 100
#GM 3 157 606 2 2024 1 125 100
#GM 3 158 416 21 2783 1 500 100
#GM 3 159 196 39 247 1 500 100
#GM 3 160 778 6 329 1 500 100
#GM 3 161 389 117 3617 1 1250 100
#GM 3 162 342 133 351 1 1250 100
#GM 3 163 411 110 366 1 1250 100
#END
